x
0 1
1 1 59
2 1 22
3 0 0.972973
5 0 6650646
6 1 439
7 0 2126775
8 0 78669
9 0 219839
10 0 219839
11 0 113916
12 0 4170
13 0 25880
14 0 25880.5
15 0 134
16 0 822464
17 0 0.789837
18 0 0.8
19 0 475568
20 0 126014
21 0 346896
22 0 274154.666667
23 0 32350
24 0 12419
25 0 19493
26 0 17281
27 0 312
28 0 6311501
29 0 0.997292
30 0 0.984227
31 0 2126775
32 0 119816
33 0 119816
34 0 242810.125
35 0 113916
36 0 51756
37 0 51756
38 0 51756
39 0 18
40 0 1882079
41 0 0.998617
42 0 0.666667
43 0 1152218
44 0 690662
45 0 690662
46 0 690662
47 0 78337
48 0 22537
49 0 23246
50 0 23246
51 0 41
52 0 375239
53 0 0.877193
54 0 0.5
55 0 261314
56 0 261314
57 0 261314
58 0 261314
59 0 32468
60 0 14328
61 0 16269
62 0 16269.5
63 0 102
64 0 988025
65 0 0.992205
66 0 0.833333
67 0 513595
68 0 58783
69 0 80357
70 0 84959.2
71 0 53479
72 0 3716
73 0 8257
74 0 8257.5
76 0 254996
77 0 1
78 0.002278 1
79 0 254996
80 0 254996
81 0 254996
82 0 254996
83 0 29116
84 0 29116
85 0 29116
86 0 29116
