11.914
30.6
12.865
26.906
23.364
21.766
23.401
24.723
13.942
10.595
15.681
9.081
49.401
9.872
86.432
15.193
27.177
25.797
9.734
90.714
61.361
22.161
53.502
7.677
52.373
65.996
11.383
28.694
21.196
15.934
22.04
60.189
21.933
25.73
9.031
81.289
14.875
18.779
30.357
60.411
63.803
8.626
74.711
19.771
56.448
60.334
24.241
19.582
62.475
0.618
11.804
25.427
19.046
200.575
169.646
47.969
211.689
40.7
46.412
109.173
92.246
70.026
47.25
18.008
79.484
128.263
36.193
240.394
450.843
41.031
183.295
26.803
66.025
13.336
41.998
53.039
45.041
118.355
14.557
0.0
146.713
45.216
140.674
463.526
20.734
17.365
58.276
20.082
10.301
14.984
35.791
192.52
20.516
4.442
87.842
289.727
16.801
15.405
43.666
119.184
146.105
608.673
8.59
11.323
63.618
27.656
338.088
1107.788
17.884
17.975
21.317
100.516
15.827
24.048
22.4
75.22
29.043
18.502
16.215
13.37
56.011
38.644
16.593
13.918
13.416
16.727
27.638
10.669
20.027
14.719
11.488
13.603
11.472
12.818
15.685
82.881
104.834
28.572
15.614
9.656
6.269
20.192
15.323
11.873
15.794
19.548
63.635
6.599
18.599
61.921
25.927
24.873
40.043
3.528
40.745
17.998
12.757
11.642
0.462
19.451
23.546
16.315
1.326
10.745
14.605
62.934
32.249
7.042
17.62
28.049
21.177
14.707
27.429
15.889
22.348
24.867
13.087
9.802
15.256
13.384
11.577
2111.232
16.108
16.621
23.688
20.144
21.481
64.2
16.107
13.337
42.765
4.02
22.439
5.313
104.745
15.152
19.855
16.775
8.457
16.092
21.506
9.122
18.266
8.035
8.769
15.824
28.779
1.731
24.601
42.842
20.117
19.216
21.462
6.48
15.27
16.799
35.78
11.87
9.264
7.008
37.63
20.419
32.422
28.184
3.859
76.072
46.641
26.102
45.706
13.001
10.515
15.914
11.004
12.179
56.414
14.105
45.424
12.047
31.323
16.11
26.848
24.109
19.05
10.46
15.13
40.12
11.828
3.443
39.057
13.978
64.116
14.881
11.864
10.014
42.589
10.804
15.968
22.491
21.458
64.493
18.791
28.534
16.195
34.298
5.831
9.349
12.301
11.17
22.053
15.612
10.203
14.748
366.713
35.391
12.123
19.823
104.011
27.681
17.743
24.413
37.336
58.067
16.912
11.763
8.656
37.795
14.963
7.365
7.925
11.807
116.116
40.717
20.415
11.159
10.856
13.794
33.297
12.601
13.142
3.36
22.352
254.147
52.617
7.519
15.413
6.817
61.62
0.0
18.049
7.083
0.0
20.011
9.073
4.032
9.484
58.277
7.274
8.367
7.823
6.046
216.111
17.727
9.908
26.099
10.821
49.91
10.122
3.462
13.666
25.233
14.43
10.912
12.57
36.179
16.663
17.547
35.271
8.926
49.01
23.433
2.257
39.67
1.78
5.805
54.337
16.437
35.816
3.587
19.442
6.012
27.948
26.734
5.69
10.394
5.568
36.482
21.169
27.338
32.297
24.253
14.245
21.508
12.297
15.016
14.908
38.61
17.723
95.279
12.882
16.189
21.548
75.09
62.575
41.15
82.455
10.291
7.139
4.002
20.323
10.327
15.166
9.062
24.758
8.623
23.392
15.189
29.247
67.289
22.373
17.186
0.978
16.129
2.235
11.985
56.366
23.141
68.341
1.117
14.833
8.852
28.178
7.954
4.706
16.657
14.322
14.27
9.807
24.733
27.39
18.567
94.636
20.016
19.274
0.0
22.687
5.411
205.577
25.664
12.3
14.301
10.297
20.433
20.305
14.114
9.696
37.371
9.779
13.301
11.367
12.338
8.014
22.223
7.337
21.913
46.437
9.346
19.041
26.443
9.207
9.508
38.913
9.607
11.529
36.567
6.392
27.159
9.269
14.806
12.432
67.078
0.468
15.352
13.836
14.612
0.499
27.437
13.819
6.096
4.706
20.333
4.743
28.15
29.276
5.335
13.395
8.905
25.789
27.39
27.672
19.145
12.201
3.837
14.678
25.542
7258.692
38.938
57.516
12.793
44.723
160.052
27.549
7.868
19.901
12.135
14.541
5.321
5.502
25.622
42.444
17.003
286.143
14.565
9.588
9.711
16.802
0.0
48.355
15.367
5.895
14.419
0.67
35.912
5.111
23.739
4.077
44.353
6.254
45.999
14.91
18.348
16.054
13.826
25.581
6.473
0.395
11.94
5.844
33.29
3.443
23.892
27.5
58.977
8.475
30.406
23.058
2.945
1.527
31.51
6.234
23.398
10.483
13.095
6.941
22.591
10.097
8.107
1.838
117.54
30.009
15.111
27.661
89.491
0.907
22.424
6.777
18.221
17.048
27.458
76.637
31.5
8.409
14.809
2.567
13.593
15.899
19.925
14.508
18.783
48.311
3.466
106.25
31.129
4.179
9.451
24.647
20.326
24.36
24.569
1.831
10.041
48.733
17.91
34.082
22.035
27.283
4.25
6.963
13.209
27.265
7.396
42.872
7.633
24.234
56.837
17.593
7.979
13.527
20.89
39.045
51.754
57.834
31.272
13.299
47.165
15.492
33.961
1.342
20.077
5.255
3.34
23.728
83.66
11.489
74.273
13.687
0.241
17.565
13.297
6.455
21.312
7.021
23.575
39.262
23.694
17.907
28.076
32.606
23.665
9.616
10.182
11.529
3.631
21.042
10.427
6.099
10.273
14.925
5.454
15.962
23.04
2.019
9.298
9.841
2.929
5.035
21.36
6.323
1.711
29.681
24.967
36.165
19.111
29.34
2.265
2.369
28.681
6.746
5.086
24.586
3.854
59.771
2.85
29.847
5.35
35.557
16.923
43.016
21.415
15.211
20.49
21.75
8.56
41.224
18.642
17.09
3.612
16.193
11.31
38.287
31.179
30.467
0.0
12.78
46.099
0.0
0.0
3.623
43.343
2.636
23.82
24.66
6.003
47.071
11.691
18.617
0.208
3.699
3.539
16.711
11.339
4.23
13.49
44.054
43.827
12.18
28.94
56.465
42.571
14.305
10.905
25.428
12.87
14.071
9.408
11.222
17.381
13.197
5.806
15.582
6.443
0.702
6.973
1.242
11.315
2.44
11.349
0.007
2.87
17.485
7.282
2.267
10.503
13.4
76.328
16.412
10.14
6.239
112.84
10.452
23.322
30.94
20.358
41.711
5.09
48.826
174.801
71.745
21.091
22.215
55.317
36.177
3.993
58.1
44.711
25.807
24.177
18.127
54.928
51.246
41.543
6.505
25.927
147.015
52.151
61.675
37.518
8113.124
18.22
56.476
43.321
12.624
24.009
10.318
9.292
8.171
128.12
24.1
52.807
0.498
6.947
3.876
117.064
18.27
26.284
13.319
10.632
13.527
9.834
52.991
7.577
27.589
47.438
11.356
8.844
12.246
14.734
14.836
121.985
52.55
462.715
22.274
7.954
15.545
6.706
110.151
78.305
17.699
125.359
157.813
23.288
40.841
78.989
31.741
14.433
67.839
40727.217
0.471
55.801
24.94
2025.104
13.385
78.632
83.846
23.835
12.502
25.932
24.744
165.387
109.528
22.79
12.887
247.401
10.059
22.703
44.445
81.946
24.859
4.003
1.64
186.651
20.958
3.807
231.63
16.592
23.628
44.952
32.48
31.314
15.95
66.927
30.736
17.178
8.959
65.451
131.278
27.037
13.274
13.354
127.809
16.049
61.692
23.231
39.155
17.338
12.3
52.447
315.839
33.688
7.343
6.983
24.802
19.835
39.411
31.516
70.471
12.506
0.624
11.586
0.469
57.3
14.598
19.028
58.841
26.487
52.414
36.418
185.346
681.746
17.14
36.419
10.567
18.193
7.54
25.649
5.116
36.677
12.951
20.039
18.333
21.903
6.14
4.002
25.55
38.298
15.602
16.836
18.661
11.761
15.712
29.78
13.49
18.175
11.452
20.782
12.29
17.589
11.075
26.809
39.086
33.319
12.093
22.553
9.316
19.4
9.731
22.409
40.568
29.585
8.903
55.261
17.24
12.17
14.757
10.7
15.384
13.78
11.753
11.584
18.075
8.175
8.056
76.338
64.043
19.433
13.298
48.818
212.174
145.23
24.725
21.023
74.454
31.961
149.576
0.0
62.806
1570.126
63.553
155.804
130.954
0.0
165.842
14.938
14.602
20.682
19.168
54.1
167.232
26.106
11.406
92.983
19.231
83.956
18.425
3.444
2.322
35.744
76.453
20.689
14.132
16.029
19.728
12.354
14.228
42.557
7.989
9.669
9.784
9.775
172.071
14.329
12.014
20.195
31.917
22.861
18.423
81.836
14.662
36.608
8.911
9.166
13.932
21.586
11.09
15.598
35.37
634.871
12.951
4.678
10.003
3953.779
23.899
1722.076
6.448
81.402
13.325
32.275
2.003
2.556
38.976
50.078
48.573
22.584
4.152
46.092
4.576
64.906
189.418
44.632
7.882
76.933
15.588
64.234
1732.049
12.632
2.088
3.784
35.174
97.831
0.585
17.353
21.87
1.153
40.583
0.874
28.579
1.581
44.912
16.516
107.441
46.243
72.374
36.941
73.717
24.53
33.845
14.316
35.428
28.888
44.334
39.964
208.401
88.874
0.0
37.915
4.644
208.459
42.78
123.772
205.747
25.569
95.672
12.245
261.477
48.67
790.694
18.925
101.6
19.381
69.091
29.951
2.431
2.519
7.299
56.121
51.337
79.156
26.74
30.755
4.148
23.224
21.018
30.281
28.193
53.334
151.196
115.73
72.448
128.174
3702.923
390.443
1.99
53.901
102.885
59.236
1.048
8.218
27.036
7.378
2.441
8.339
14.492
0.879
73.986
9.906
41.485
15.487
54.408
101.443
5.332
66.676
133.773
105.816
19.98
13.391
89.595
3.649
68.238
96.221
14.539
30.077
58.204
45.621
37.823
8.72
9.222
10.83
32.16
25.387
8.159
63.389
36.645
15.179
2.934
25.81
1.846
190.682
38.026
13.213
2.684
12.002
23.04
0.624
45.671
14.441
54.094
1.115
5.519
2.663
4.028
0.621
10.218
50.298
67.86
32.198
4.17
50.564
1.582
124.412
28.567
1.848
8.169
12.53
8.374
21.79
23.964
13.11
16.797
22.428
23.56
87.125
38.718
9.377
132.701
11.801
37.708
3.433
16.25
116.911
6.924
1.36
8.786
144.099
6.663
1.678
2.916
168.487
8.674
27.494
59.078
78.0
10.905
35.662
31.203
6.081
34.407
28.189
71.331
1.019
14.9
12.752
7.014
4.74
6.633
6.86
43.623
62.065
12.997
12.132
2.051
15.1
1.95
102.795
27.635
175.202
1.313
3.369
8.793
14.91
25.766
37.54
22.456
93.894
2.306
1.357
141.383
19.095
155.91
45.376
8.49
17.86
24.523
33.926
12.949
10.859
91.529
46.91
1.33
15.248
4.508
24.159
22.965
8.23
12.915
9.629
2.238
285.15
1.16
73.414
1.03
118.691
2.26
126.75
34.242
1.482
31.605
188.856
13.675
2.412
14.233
122.084
0.365
20.563
22.575
1.203
1.325
41.78
1.199
5.754
27.489
10.775
1.354
21.191
26.765
19.826
1.471
224.547
3.063
77.572
1.279
115.54
211.573
2.087
1.723
34.173
17.199
8.617
44115.645
69.706
22.734
36.195
17.112
48.606
2.767
44.658
0.724
2.418
15.157
78.101
28.785
34.535
227.531
99.825
108.342
6.162
18.314
25.65
6.02
23.72
41.553
484.746
43.618
13.24
80.16
10.59
73.023
23.809
16.637
3.038
13.023
10.285
13.714
2.495
11.138
1.342
2.73
19.64
6.162
32.261
120.865
22.494
1.64
19.28
24.772
18.985
40.763
21.528
17.472
18.907
2.496
32.573
11.778
33.727
11.201
19.86
41.201
45.71
10.047
13.915
6.599
42.65
28.423
2.481
34.33
4.961
88.389
29.609
13.494
21.606
18.783
4.056
56.903
15.03
17.31
51.471
18.756
23.696
20.655
31.683
18.097
43.446
13.993
18.767
21.403
22.37
49.959
30.417
78.123
20.81
21.64
28.163
24.691
5.554
31.465
17.035
233.033
37.871
19.269
27.707
28.466
49.342
25.703
34.352
22.048
43.113
14.402
18.393
60.06
1.357
19.625
4.009
37.612
21.103
2.61
24.608
16.007
28.127
11.294
12.371
237.329
17.612
17.1
28.65
18.175
11.322
36.379
11.84
25.678
15.588
25.677
2.684
9.001
29.967
33.728
12.417
23.476
18.63
21.154
23.361
10.107
21.495
1.281
46.76
27.25
27.924
15.217
1.34
2.28
33.592
6.711
6.56
70.181
25.619
3.11
0.0
8.58
26.539
11.82
23.237
198.208
1.1
40.93
12.414
15.554
17.819
20.622
18.392
6.488
3.918
98.742
34.137
2.15
13.92
16.56
18.327
50.043
1.2
24.29
3.49
23.4
20.051
28.692
17.683
38.662
27.208
6.178
115.889
1.233
0.733
30.475
4.229
37.596
35.537
17.875
11.23
359.474
4.434
2.61
16.854
1.853
2.996
84.742
9.368
6.87
13.03
12.636
72.94
1.737
24.003
76.578
3.253
113.451
8.348
6.323
76.157
191.675
2.647
3.42
1561.925
73.32
2.418
6.084
55.672
209.197
1.077
30.732
15.55
3.26
39.76
9.018
219.7
17.793
6.438
7.909
86.112
109.563
0.0
20.343
1.435
4.664
21.014
5.288
27.082
114.79
1.216
2.531
18.755
561.022
33.204
17.373
1.806
49.296
69.071
27.215
2.648
2.309
563.15
23713.099
0.0
51.075
0.0
3.38
35.22
485.714
69.529
2.45
2.012
28.645
3.409
968.733
5.34
30.893
6.349
44.288
9.144
47.184
57.305
11.591
27.015
28.096
20.264
16.193
52.574
2.22
20.86
35.32
45.315
18.677
1.566
3.627
8.635
54.972
13.597
4.212
14.173
18.729
30.835
80.683
5.056
2.2
22.572
11.977
40.57
1.45
54.676
16.284
43.112
17.41
14.368
3.057
35.397
1.965
4.353
70.748
24.055
7.925
17.144
3.931
20.077
30.867
2.904
1.786
18.919
97.089
53.164
19.72
27.16
23.56
60.413
69.174
3.24
3.63
11.021
309.292
28.767
22.584
5.0
14.691
5.943
1.732
5.023
23.678
9.486
18.15
5.786
9.369
18.954
42.004
14.66
5.4
72.881
21.794
3.884
14.134
17.281
7.862
23.691
12.948
7.94
53.489
25.352
2.2
17.887
17.092
117.391
21.948
10.461
23.263
18.65
21.795
6.162
7.722
11.404
17.441
66.737
1.341
33.088
54.725
14.118
44529.356
50.942
41.249
108.875
16.248
29.261
44.425
2.528
71.61
59.827
48.375
34.632
5.679
98.405
16.739
1.404
1.419
48.547
89.325
26.816
9.979
30.612
20.17
22.138
34.96
22.058
46.083
66.034
10.777
2.75
21.24
115.87
83.759
12.433
1.685
1.014
21.965
3.635
9.141
346.227
25.41
71.867
13.943
27.846
19.531
2.403
3.12
15.646
10.203
5.694
77.493
1.7
12.094
20.632
153.687
12.706
3.229
21.017
13.323
41.162
25.317
5.007
9.142
19.874
10.437
19.781
3.463
15.49
5.288
5.663
11.173
7.67
9.12
10.795
8.375
27.553
2.21
29.9
7.638
17.471
11.778
3.198
8.112
33.868
12.73
2.496
6.162
8.424
32.51
8.986
1.763
5.569
5.21
9.267
17.635
8.23
17.72
161.048
10.005
0.0
12.098
10.111
4.44
120.197
31.894
50.063
63.383
10.265
6.817
62.915
111.821
134.219
11.65
14.771
35.57
17.004
7.582
2.886
9.233
73.141
2.33
59.107
22.585
41.963
3.76
8.283
38.826
137.56
13.619
1.545
2.969
204.367
28.922
1.966
1.342
132.101
4.29
24.523
10.936
14.929
19.148
9.673
9.67
27.03
14.003
14.317
10.021
40.51
76.737
39.873
34.898
8.486
3.838
16.541
11.556
3.916
11.326
2.636
14.918
3.152
1.294
32.975
11.388
8.286
10.791
23.035
14.555
9.532
34.975
37.924
12.402
19.952
15.943
18.986
34.405
25.88
6.715
17.67
25.365
15.685
25.295
16.56
51.505
35.93
9.565
9.965
2717810.055
23.561
14.272
34.19
57.941
46.238
22.247
50.326
32.82
58.161
51927.891
43.585
15.612
56.952
44.336
36.703
83.072
79.597
2.281
53.35
22.062
104.751
28.402
62.53
74.854
21.747
8.428
8.808
7.688
94.142
136.571
13.221
97.994
183.468
25.037
50.341
42.345
13.339
12.659
2742.645
23.356
18.137
23.465
7.08
2.484
919.489
44.044
3.378
40.027
2.739
1.483
552.17
883.637
19.73
11.996
2.052
3.792
119.021
23.764
3.019
14.596
41.64
242.069
22.818
112.836
52.316
107.539
12.515
34.57
41.527
200.859
829.643
207.399
1.459
2.439
40.428
202.166
99.37
316.291
503.267
2.065
1594.631
1671.081
10.841
10.962
0.534
72.377
23.798
10.616
24.857
11.828
38.915
11.257
19.851
17.344
34.628
19.294
38.743
19.638
17.457
18.375
109.513
3.817
20.848
9.486
39.512
6.526
4.964
3.988
